0 0.233276 0.31713 0.061768 0.057407
0 0.225464 0.396759 0.033447 0.115741
0 0.199585 0.422917 0.021729 0.125463
0 0.157959 0.403704 0.061523 0.069444
0 0.160889 0.479167 0.053223 0.099074
0 0.173462 0.527546 0.051025 0.089352
0 0.165894 0.590972 0.05249 0.093981
0 0.177002 0.658102 0.027832 0.131019
0 0.237305 0.566667 0.046875 0.106481
0 0.202881 0.598611 0.02832 0.125
0 0.208984 0.508102 0.023438 0.043981
0 0.224609 0.652315 0.062012 0.065741
0 0.226807 0.696991 0.062988 0.065278
0 0.235107 0.761343 0.062012 0.06713
0 0.266479 0.721065 0.020752 0.106019
0 0.288208 0.579861 0.05542 0.085648
0 0.283691 0.466204 0.045898 0.105556
0 0.300171 0.498611 0.049561 0.10463
0 0.288818 0.32037 0.060059 0.060185
0 0.281982 0.378472 0.053223 0.070833
0 0.244995 0.430556 0.045654 0.112963
0 0.265869 0.454398 0.041016 0.104167
0 0.249512 0.529167 0.054688 0.092593
0 0.287598 0.632407 0.055176 0.071296
0 0.332031 0.620833 0.03418 0.128704
0 0.299194 0.678935 0.046143 0.110648
0 0.308228 0.751852 0.028564 0.12037
0 0.331543 0.258796 0.029785 0.10463
0 0.328125 0.353935 0.047363 0.081944
0 0.336548 0.392593 0.059814 0.090741
0 0.354004 0.51875 0.050781 0.085648
0 0.360718 0.579398 0.036865 0.108796
0 0.391235 0.666204 0.06958 0.056481
0 0.356201 0.70787 0.066406 0.046296
0 0.356934 0.752546 0.069336 0.063426
0 0.413574 0.813889 0.066895 0.060185
0 0.435059 0.712963 0.027344 0.128704
0 0.403931 0.746759 0.036865 0.113889
0 0.459351 0.726852 0.026123 0.131481
0 0.488647 0.677778 0.027588 0.119444
0 0.51001 0.725926 0.049805 0.089815
0 0.378296 0.266435 0.05249 0.102315
0 0.400757 0.3625 0.064209 0.061111
0 0.400146 0.480093 0.055176 0.097222
0 0.405762 0.544444 0.060547 0.080556
0 0.410522 0.592593 0.056885 0.066667
0 0.400024 0.625231 0.059326 0.061574
0 0.409058 0.439352 0.0271 0.065741
0 0.436035 0.489815 0.026855 0.116667
0 0.453125 0.601157 0.036133 0.101389
0 0.471802 0.574769 0.045654 0.11713
0 0.462036 0.486343 0.044189 0.10787
0 0.453979 0.412037 0.070557 0.044444
0 0.417236 0.263657 0.061035 0.083796
0 0.459595 0.24537 0.063721 0.056481
0 0.479126 0.202546 0.068115 0.051389
0 0.532959 0.167824 0.039551 0.114352
0 0.452026 0.316667 0.056396 0.087037
0 0.472046 0.367824 0.073486 0.047685
0 0.505371 0.299537 0.029785 0.125
0 0.529419 0.307639 0.0271 0.130093
0 0.556763 0.278472 0.022705 0.127315
0 0.49585 0.425 0.048828 0.10463
0 0.494751 0.524306 0.023193 0.136574
0 0.52417 0.423148 0.051758 0.090741
0 0.567871 0.37662 0.038086 0.1125
0 0.521362 0.503704 0.031982 0.12037
0 0.546753 0.492593 0.029541 0.126852
0 0.512451 0.622685 0.026367 0.131481
0 0.546631 0.594907 0.04834 0.098148
0 0.559448 0.676852 0.066162 0.047222
0 0.525269 0.77963 0.068115 0.05
0 0.572998 0.721528 0.049316 0.068056
0 0.595337 0.75463 0.052002 0.097222
0 0.66272 0.708333 0.060303 0.07037
0 0.69043 0.734259 0.046387 0.103704
0 0.750854 0.702546 0.061768 0.071759
0 0.577026 0.259028 0.02124 0.127315
0 0.597534 0.342593 0.024658 0.12037
0 0.577881 0.436343 0.033691 0.11713
0 0.573853 0.590972 0.052002 0.093981
0 0.588501 0.540046 0.055908 0.095833
0 0.62854 0.646759 0.037842 0.118519
0 0.645996 0.618287 0.049805 0.104167
0 0.706787 0.654398 0.066895 0.049537
0 0.742676 0.587963 0.054688 0.087963
0 0.807983 0.591898 0.025146 0.119907
0 0.781128 0.562963 0.030518 0.117593
0 0.747803 0.55162 0.053223 0.095833
0 0.813599 0.426389 0.023682 0.126852
0 0.691406 0.239352 0.060059 0.05463
0 0.642334 0.264352 0.029785 0.123148
0 0.697266 0.29375 0.064941 0.046759
0 0.687866 0.338426 0.074463 0.058333
0 0.651611 0.383565 0.06543 0.040278
0 0.703369 0.426852 0.06543 0.05
0 0.745361 0.341898 0.035156 0.128241
0 0.79895 0.35787 0.047119 0.108333
0 0.724487 0.462269 0.063721 0.058796
0 0.767578 0.479861 0.0625 0.050463
0 0.765747 0.429861 0.058838 0.043981
0 0.614258 0.517824 0.061523 0.101389
0 0.620605 0.471528 0.063477 0.076389
0 0.628662 0.423611 0.063477 0.050926
0 0.662109 0.52662 0.043945 0.114352
0 0.674194 0.558796 0.037354 0.099074
0 0.699341 0.574074 0.040771 0.119444
