0 0.255981 0.32963 0.067627 0.047222
0 0.248169 0.375926 0.06665 0.048148
0 0.320679 0.30463 0.067627 0.060185
0 0.248047 0.457639 0.052734 0.106944
0 0.272949 0.432639 0.058594 0.076389
0 0.234497 0.496065 0.052002 0.09213
0 0.211548 0.529398 0.062256 0.059722
0 0.213989 0.57338 0.058838 0.043981
0 0.195679 0.611111 0.064697 0.040741
0 0.237183 0.608102 0.02124 0.031019
0 0.218262 0.671065 0.060059 0.058796
0 0.195923 0.706944 0.062256 0.050926
0 0.261841 0.564815 0.031006 0.125926
0 0.282227 0.580093 0.028809 0.123148
0 0.305298 0.57662 0.02417 0.130093
0 0.249023 0.646528 0.068359 0.045833
0 0.233521 0.750694 0.036377 0.121759
0 0.269287 0.803009 0.055176 0.093056
0 0.2771 0.71713 0.058105 0.088889
0 0.31311 0.668519 0.06665 0.059259
0 0.325928 0.25 0.060059 0.060185
0 0.307007 0.382176 0.067139 0.059722
0 0.356079 0.3625 0.048096 0.09537
0 0.330078 0.431481 0.065918 0.039815
0 0.394165 0.366435 0.062256 0.073611
0 0.454712 0.273611 0.062256 0.075926
0 0.452148 0.327083 0.0625 0.070833
0 0.396362 0.427083 0.068604 0.053241
0 0.417969 0.49537 0.054199 0.087037
0 0.323975 0.468519 0.068848 0.04537
0 0.374634 0.489583 0.036377 0.113426
0 0.360596 0.537269 0.044434 0.098611
0 0.347046 0.56875 0.040283 0.101389
0 0.334473 0.617824 0.039062 0.122685
0 0.362061 0.701852 0.027344 0.123148
0 0.3125 0.73588 0.068848 0.05787
0 0.310913 0.798611 0.060791 0.07037
0 0.353394 0.78287 0.067627 0.051852
0 0.364136 0.871528 0.0271 0.130093
0 0.444702 0.424306 0.044189 0.126389
0 0.478394 0.516667 0.064209 0.050926
0 0.476562 0.396065 0.033691 0.121759
0 0.499023 0.359722 0.032227 0.117593
0 0.509888 0.468519 0.064697 0.050926
0 0.390137 0.599537 0.032227 0.132407
0 0.439941 0.630324 0.058105 0.061574
0 0.427124 0.594676 0.03833 0.052315
0 0.482056 0.570602 0.070557 0.043056
0 0.405518 0.713426 0.027344 0.122222
0 0.387207 0.734722 0.027344 0.105556
0 0.395264 0.833565 0.040527 0.121759
0 0.423462 0.839815 0.039795 0.127778
0 0.450317 0.847917 0.0354 0.123611
0 0.501221 0.819444 0.066406 0.061111
0 0.53479 0.377315 0.026611 0.131481
0 0.56604 0.358333 0.028076 0.131481
0 0.551636 0.475463 0.025146 0.117593
0 0.573853 0.468287 0.02124 0.145833
0 0.529053 0.553241 0.033691 0.121296
0 0.564331 0.59213 0.042236 0.10463
0 0.589233 0.569444 0.023193 0.125926
0 0.509155 0.641435 0.068115 0.043981
0 0.499146 0.69537 0.05835 0.07963
0 0.462891 0.715972 0.066895 0.06713
0 0.450317 0.757176 0.066162 0.056944
0 0.518799 0.771528 0.061035 0.089352
0 0.563965 0.660185 0.049316 0.110185
0 0.561035 0.721065 0.051758 0.106944
0 0.549072 0.759259 0.043457 0.099074
0 0.564819 0.827083 0.065186 0.044907
0 0.626587 0.833796 0.056885 0.091667
0 0.598755 0.71875 0.025146 0.127315
0 0.616577 0.228009 0.067139 0.046759
0 0.606812 0.296065 0.065186 0.073611
0 0.689575 0.200463 0.040283 0.123148
0 0.716309 0.212963 0.039062 0.108333
0 0.730713 0.184954 0.041016 0.114352
0 0.741455 0.290509 0.063477 0.046759
0 0.684937 0.302315 0.025146 0.118519
0 0.659058 0.352315 0.026123 0.123148
0 0.627441 0.342361 0.046875 0.101389
0 0.593628 0.390972 0.022705 0.130093
0 0.658936 0.253472 0.044922 0.100463
0 0.624146 0.439815 0.049072 0.111111
0 0.616089 0.570602 0.029053 0.118981
0 0.639282 0.583102 0.028564 0.133796
0 0.630005 0.686343 0.0271 0.118981
0 0.635986 0.784722 0.060547 0.063889
0 0.671753 0.755787 0.050049 0.098611
0 0.717651 0.812731 0.05542 0.047685
0 0.667847 0.469444 0.044189 0.107407
0 0.716309 0.361574 0.054688 0.09537
0 0.734985 0.390278 0.05835 0.09537
0 0.710083 0.466435 0.064209 0.063426
0 0.718384 0.50787 0.056885 0.059259
0 0.719116 0.560417 0.063721 0.060648
0 0.696045 0.6375 0.064453 0.069444
0 0.807251 0.553009 0.029541 0.118981
0 0.770508 0.459028 0.062012 0.069907
0 0.772827 0.508796 0.059814 0.068519
0 0.768433 0.578241 0.068604 0.041667
0 0.787231 0.684722 0.029541 0.12037
0 0.759399 0.621528 0.06665 0.051389
0 0.733887 0.663426 0.066895 0.046296
0 0.74939 0.734954 0.044678 0.098611
0 0.696899 0.737269 0.046631 0.110648
0 0.724976 0.742361 0.043701 0.109722
