0 0.144531 0.481019 0.027344 0.125926
0 0.167358 0.485648 0.027588 0.119444
0 0.180786 0.604167 0.044678 0.101852
0 0.192993 0.528241 0.031006 0.117593
0 0.233643 0.550926 0.055176 0.083333
0 0.224243 0.427546 0.066162 0.045833
0 0.202515 0.475694 0.041748 0.103241
0 0.240234 0.482639 0.047852 0.089352
0 0.259033 0.240509 0.064941 0.044907
0 0.255615 0.295833 0.056641 0.055556
0 0.240356 0.334491 0.062744 0.050463
0 0.234985 0.379861 0.062256 0.052315
0 0.304565 0.352778 0.027588 0.125926
0 0.274536 0.397685 0.043701 0.121296
0 0.329834 0.26713 0.024414 0.118519
0 0.353882 0.246065 0.031982 0.128241
0 0.402344 0.140972 0.05957 0.046759
0 0.387329 0.215278 0.045166 0.10463
0 0.467773 0.166204 0.0625 0.063889
0 0.422607 0.256019 0.046387 0.103704
0 0.451416 0.256713 0.045898 0.118056
0 0.478638 0.239815 0.036377 0.125
0 0.426636 0.340972 0.065186 0.053241
0 0.384277 0.367824 0.029785 0.131944
0 0.357544 0.354398 0.0271 0.118056
0 0.330688 0.416204 0.033447 0.131481
0 0.285156 0.4625 0.060547 0.07037
0 0.356934 0.466204 0.059082 0.062037
0 0.220337 0.622222 0.035889 0.062037
0 0.256226 0.577778 0.05542 0.080556
0 0.303467 0.503935 0.060547 0.043981
0 0.249023 0.651852 0.046875 0.102778
0 0.223877 0.731481 0.064453 0.073148
0 0.269043 0.681713 0.042969 0.108796
0 0.292725 0.693519 0.039551 0.116667
0 0.347046 0.729861 0.068604 0.056944
0 0.308105 0.760417 0.061523 0.046759
0 0.307373 0.559491 0.060547 0.050463
0 0.310181 0.601389 0.064697 0.05463
0 0.361328 0.640972 0.066406 0.059722
0 0.338989 0.674769 0.05542 0.060648
0 0.368652 0.499769 0.067383 0.071759
0 0.365112 0.553472 0.063232 0.049537
0 0.375732 0.600926 0.066406 0.049074
0 0.393188 0.750463 0.0354 0.062963
0 0.428223 0.621065 0.061035 0.076389
0 0.425293 0.691204 0.054199 0.096296
0 0.455933 0.695139 0.052002 0.113426
0 0.437744 0.784722 0.057129 0.081481
0 0.428345 0.419444 0.059814 0.080556
0 0.434814 0.479167 0.064941 0.071296
0 0.420532 0.523843 0.066162 0.053241
0 0.417969 0.568519 0.066406 0.049074
0 0.469971 0.58125 0.023926 0.122685
0 0.498047 0.49375 0.069824 0.061574
0 0.46228 0.406713 0.042725 0.102315
0 0.501343 0.317593 0.056885 0.089815
0 0.502563 0.363657 0.050537 0.096759
0 0.500977 0.426389 0.04541 0.101852
0 0.569946 0.228241 0.064209 0.072222
0 0.5354 0.311343 0.021484 0.118981
0 0.577637 0.270602 0.066895 0.072685
0 0.567871 0.32963 0.061035 0.075
0 0.62793 0.299769 0.037109 0.122685
0 0.643677 0.221296 0.061768 0.041667
0 0.706299 0.225 0.063965 0.050926
0 0.665771 0.27662 0.063965 0.071759
0 0.667603 0.374769 0.056396 0.078241
0 0.748169 0.302315 0.040771 0.046296
0 0.80603 0.280324 0.065674 0.060648
0 0.811646 0.33287 0.068115 0.052778
0 0.82373 0.417824 0.037109 0.116204
0 0.590576 0.37662 0.041016 0.115278
0 0.623169 0.384028 0.036865 0.121759
0 0.547607 0.391435 0.055664 0.056019
0 0.538818 0.436806 0.064941 0.054167
0 0.550049 0.473843 0.020996 0.044907
0 0.585327 0.48588 0.057373 0.093981
0 0.600342 0.413426 0.032227 0.065741
0 0.616211 0.464583 0.05127 0.050463
0 0.696655 0.402546 0.064209 0.073611
0 0.746582 0.345139 0.062012 0.053241
0 0.767944 0.382407 0.063232 0.042593
0 0.72644 0.428704 0.063721 0.050926
0 0.800781 0.449306 0.046387 0.093056
0 0.743652 0.471991 0.063477 0.081019
0 0.794312 0.504167 0.050537 0.093519
0 0.785522 0.535185 0.046143 0.09537
0 0.759521 0.548611 0.038574 0.112037
0 0.742798 0.56875 0.032471 0.120833
0 0.744385 0.665046 0.044922 0.121759
0 0.718018 0.723843 0.030273 0.124537
0 0.584473 0.780324 0.070312 0.052315
0 0.677246 0.729167 0.062988 0.072222
0 0.676392 0.681944 0.063232 0.067593
0 0.713135 0.579861 0.024902 0.131019
0 0.525757 0.704398 0.071533 0.063426
0 0.579468 0.74213 0.068604 0.050926
0 0.586304 0.694676 0.068115 0.060648
0 0.62793 0.671296 0.025879 0.068519
0 0.565918 0.646528 0.050781 0.050463
0 0.619751 0.584028 0.02417 0.1125
0 0.643555 0.6125 0.025391 0.124074
0 0.679077 0.60463 0.043701 0.115741
0 0.678345 0.533102 0.060791 0.078241
0 0.644409 0.511806 0.062744 0.048611
0 0.673218 0.469676 0.067627 0.052315
0 0.499878 0.672685 0.055908 0.076852
0 0.565918 0.521759 0.063477 0.051852
0 0.575439 0.568056 0.065918 0.049074
0 0.552002 0.615509 0.064453 0.051389
0 0.508179 0.552315 0.056396 0.093519
0 0.515259 0.596991 0.054932 0.090278
