0 0.169678 0.598611 0.025391 0.126852
0 0.239502 0.293287 0.026367 0.129167
0 0.201172 0.419907 0.027344 0.121296
0 0.223877 0.404167 0.029785 0.119444
0 0.250854 0.411111 0.031982 0.105556
0 0.204956 0.56713 0.026123 0.118519
0 0.218262 0.712731 0.061035 0.043056
0 0.220703 0.6375 0.046387 0.105556
0 0.348877 0.143287 0.061523 0.056944
0 0.334961 0.202083 0.059082 0.041204
0 0.296875 0.241435 0.061523 0.046759
0 0.276489 0.298148 0.051514 0.066667
0 0.324219 0.322222 0.037598 0.117593
0 0.348511 0.303704 0.032959 0.124074
0 0.428223 0.093056 0.054199 0.083333
0 0.489868 0.133102 0.063232 0.053241
0 0.434937 0.156944 0.066162 0.036111
0 0.374512 0.221065 0.05957 0.071759
0 0.42688 0.210185 0.051514 0.086111
0 0.392456 0.250463 0.059326 0.049074
0 0.376587 0.338426 0.024658 0.12037
0 0.280151 0.342361 0.057373 0.063426
0 0.299805 0.38912 0.063965 0.046759
0 0.282715 0.475463 0.025879 0.126852
0 0.320312 0.453009 0.053223 0.091204
0 0.353271 0.516204 0.043457 0.103704
0 0.394287 0.531713 0.058105 0.095833
0 0.448853 0.534491 0.043701 0.105093
0 0.31665 0.582407 0.039062 0.123148
0 0.308838 0.705324 0.056152 0.090278
0 0.312378 0.7625 0.052002 0.093519
0 0.355591 0.778935 0.067139 0.056944
0 0.464966 0.84537 0.052002 0.106481
0 0.481201 0.770833 0.028809 0.121296
0 0.368408 0.666667 0.025879 0.136111
0 0.430054 0.715741 0.036865 0.123148
0 0.404663 0.623148 0.047607 0.073148
0 0.449219 0.429398 0.030762 0.118056
0 0.410889 0.348148 0.049316 0.092593
0 0.613403 0.837037 0.067139 0.048148
0 0.688232 0.788889 0.065918 0.044444
0 0.634644 0.762963 0.063232 0.073148
0 0.522949 0.703704 0.059082 0.062963
0 0.574097 0.747454 0.069092 0.068056
0 0.557739 0.60463 0.036865 0.125
0 0.643921 0.666667 0.034424 0.118519
0 0.581177 0.618519 0.04126 0.114815
0 0.477905 0.601852 0.051514 0.09537
0 0.532593 0.393981 0.063232 0.093519
0 0.526489 0.17037 0.061279 0.073148
0 0.548706 0.19838 0.059326 0.077315
0 0.572876 0.246759 0.057373 0.067593
0 0.602173 0.33125 0.053955 0.105093
0 0.67981 0.224769 0.069092 0.048611
0 0.602295 0.454167 0.031738 0.118519
0 0.544556 0.501852 0.025146 0.123148
0 0.525757 0.281019 0.061279 0.072222
0 0.544434 0.346296 0.057617 0.073148
0 0.685425 0.369213 0.036377 0.106944
0 0.77417 0.382639 0.058594 0.071759
0 0.768555 0.459259 0.063477 0.064815
0 0.717041 0.521296 0.062012 0.060185
0 0.803101 0.513657 0.062744 0.049537
0 0.789551 0.582407 0.040039 0.101852
0 0.713013 0.284491 0.042725 0.110648
0 0.741333 0.359491 0.053467 0.0875
0 0.651733 0.45463 0.031982 0.116667
0 0.674683 0.440509 0.021729 0.108796
0 0.662231 0.606481 0.060303 0.087037
0 0.744019 0.742824 0.059326 0.065278
0 0.827515 0.621065 0.030518 0.099537
0 0.688599 0.722454 0.053955 0.070833
0 0.716064 0.58912 0.04541 0.111574
0 0.609375 0.537963 0.066406 0.042593
0 0.611938 0.602315 0.043213 0.100926
0 0.519775 0.638657 0.046387 0.097685
0 0.570923 0.461343 0.031006 0.111574
0 0.645386 0.31713 0.062256 0.065741
0 0.484253 0.451852 0.048096 0.087037
0 0.691895 0.675231 0.062988 0.059722
0 0.749878 0.695833 0.054443 0.067593
0 0.491455 0.293056 0.036133 0.110185
0 0.610474 0.686574 0.059326 0.060185
0 0.583862 0.70787 0.045166 0.064815
0 0.444824 0.668056 0.048828 0.101852
0 0.398071 0.685185 0.0271 0.061111
0 0.443726 0.601157 0.030029 0.043981
0 0.47522 0.65463 0.044189 0.094444
0 0.530396 0.775463 0.029541 0.042593
0 0.427979 0.481944 0.030762 0.067593
0 0.400757 0.495602 0.037354 0.05787
0 0.410278 0.407176 0.054443 0.083796
0 0.339111 0.569676 0.032715 0.11713
0 0.490234 0.223843 0.063965 0.048611
0 0.633911 0.259722 0.05835 0.061111
0 0.254395 0.699537 0.04834 0.109259
0 0.297485 0.633565 0.020264 0.120833
0 0.257568 0.585185 0.034668 0.093519
0 0.221558 0.521528 0.028076 0.115278
0 0.746338 0.611806 0.064941 0.069907
0 0.517822 0.470602 0.02832 0.131944
0 0.455566 0.344444 0.058594 0.062963
