0 0.175415 0.486343 0.0354 0.108796
0 0.224243 0.372222 0.05542 0.087037
0 0.213379 0.468287 0.029785 0.106944
0 0.206177 0.608565 0.048584 0.106019
0 0.249268 0.575 0.0625 0.068519
0 0.274658 0.675231 0.036133 0.130093
0 0.296875 0.756019 0.040527 0.093519
0 0.312134 0.723843 0.039795 0.10787
0 0.242432 0.304861 0.062012 0.054167
0 0.337158 0.248148 0.057617 0.074074
0 0.404175 0.179398 0.065674 0.048611
0 0.329712 0.36713 0.0354 0.117593
0 0.371216 0.281713 0.029541 0.115278
0 0.41687 0.247685 0.062744 0.048148
0 0.411621 0.294213 0.061035 0.043056
0 0.419556 0.347917 0.05835 0.064352
0 0.356567 0.408796 0.024658 0.113889
0 0.419189 0.397454 0.05957 0.075463
0 0.29187 0.460185 0.064697 0.05
0 0.221313 0.538657 0.059326 0.051389
0 0.314819 0.586343 0.043701 0.108796
0 0.38623 0.509028 0.028809 0.111574
0 0.392334 0.652315 0.029297 0.114815
0 0.372437 0.732639 0.05835 0.072685
0 0.428955 0.738889 0.066895 0.055556
0 0.451416 0.646296 0.029785 0.12037
0 0.431519 0.560648 0.035889 0.122222
0 0.404785 0.816204 0.064941 0.052778
0 0.431641 0.791204 0.056152 0.052778
0 0.490723 0.766667 0.056641 0.073148
0 0.535156 0.805787 0.024414 0.126389
0 0.492798 0.688426 0.061279 0.063889
0 0.488037 0.575463 0.043945 0.115741
0 0.463989 0.297454 0.031982 0.122685
0 0.514771 0.241204 0.060791 0.041667
0 0.494507 0.321296 0.048584 0.093519
0 0.533447 0.29838 0.04248 0.105093
0 0.536743 0.403241 0.053467 0.089815
0 0.475708 0.42338 0.062744 0.043981
0 0.549805 0.697454 0.058105 0.075463
0 0.572144 0.769676 0.031006 0.127315
0 0.334595 0.469676 0.022217 0.11713
0 0.344604 0.678472 0.06665 0.045833
0 0.515747 0.65463 0.05835 0.060185
0 0.682495 0.23125 0.024658 0.125463
0 0.638184 0.22037 0.063965 0.042593
0 0.732544 0.25162 0.032959 0.106944
0 0.751953 0.22662 0.035645 0.111574
0 0.582642 0.380324 0.061768 0.073611
0 0.613159 0.422685 0.067627 0.047222
0 0.583496 0.52037 0.032227 0.117593
0 0.604614 0.562269 0.021729 0.124537
0 0.626587 0.552083 0.021729 0.118981
0 0.650757 0.547917 0.025146 0.118056
0 0.714355 0.54838 0.064941 0.050463
0 0.75293 0.596991 0.064453 0.046759
0 0.546753 0.633796 0.06665 0.052778
0 0.61084 0.709954 0.023926 0.11713
0 0.668335 0.744676 0.039795 0.10787
0 0.702148 0.719907 0.029297 0.136111
0 0.750122 0.716667 0.031006 0.105556
0 0.688965 0.625463 0.02832 0.111111
0 0.792358 0.734028 0.05835 0.074537
0 0.818481 0.577546 0.053955 0.089352
0 0.770752 0.501157 0.049805 0.093056
0 0.789185 0.334722 0.067139 0.051852
0 0.817871 0.383796 0.063965 0.037037
0 0.825562 0.425463 0.066162 0.04537
0 0.647827 0.355556 0.026123 0.1
0 0.689819 0.371065 0.060303 0.053241
0 0.345459 0.634954 0.063965 0.04213
0 0.510742 0.471991 0.043945 0.089352
0 0.517822 0.57662 0.04541 0.095833
0 0.711548 0.496296 0.061279 0.053704
0 0.751221 0.401389 0.031738 0.119444
0 0.561646 0.343519 0.06665 0.052778
0 0.644531 0.456713 0.068359 0.044907
0 0.622681 0.317593 0.02417 0.116667
0 0.761719 0.641898 0.062988 0.048611
0 0.813599 0.639352 0.050049 0.1
0 0.636475 0.663426 0.027832 0.118519
0 0.421753 0.657176 0.04126 0.100463
0 0.362427 0.589583 0.063721 0.045833
0 0.281006 0.512731 0.05957 0.046759
0 0.407471 0.52963 0.033203 0.126852
0 0.685669 0.417824 0.065674 0.045833
0 0.24292 0.683333 0.025879 0.12037
0 0.562256 0.492593 0.038086 0.117593
0 0.431396 0.46088 0.026855 0.070833
0 0.642456 0.73588 0.042236 0.0875
0 0.281616 0.339583 0.036377 0.116204
0 0.300415 0.391667 0.028076 0.096296
0 0.215088 0.680787 0.031738 0.054167
0 0.373169 0.453704 0.032471 0.080556
0 0.380493 0.377083 0.026123 0.058796
0 0.583008 0.29375 0.057129 0.085648
0 0.659668 0.28125 0.054688 0.068981
0 0.672119 0.339583 0.033691 0.041204
0 0.558716 0.590741 0.044678 0.071296
