0 0.468262 0.170139 0.04248 0.109722
0 0.490723 0.199306 0.036621 0.115278
0 0.575439 0.128241 0.059082 0.062037
0 0.599854 0.190046 0.066895 0.05787
0 0.633911 0.242361 0.045166 0.116204
0 0.383911 0.213889 0.064209 0.05
0 0.36792 0.25 0.062012 0.05
0 0.453003 0.283102 0.045654 0.108796
0 0.50293 0.271759 0.048828 0.087963
0 0.537109 0.253935 0.022461 0.114352
0 0.587646 0.238194 0.04834 0.094907
0 0.574585 0.275463 0.049072 0.089815
0 0.673218 0.268056 0.062256 0.050926
0 0.343994 0.283333 0.05127 0.066667
0 0.393066 0.304167 0.061523 0.085185
0 0.425171 0.337037 0.029053 0.112963
0 0.445679 0.390046 0.036865 0.108796
0 0.505615 0.334259 0.059082 0.044444
0 0.567993 0.320833 0.050049 0.103704
0 0.621948 0.324537 0.063232 0.05463
0 0.6875 0.335185 0.0625 0.07963
0 0.72876 0.335648 0.022949 0.12963
0 0.751221 0.35 0.021484 0.125926
0 0.690308 0.394213 0.065186 0.054167
0 0.721802 0.442824 0.064209 0.048611
0 0.638428 0.383333 0.053711 0.094444
0 0.651245 0.439815 0.071045 0.059259
0 0.662231 0.477315 0.052979 0.05
0 0.605225 0.388426 0.049805 0.07963
0 0.564087 0.374769 0.037842 0.111574
0 0.474121 0.405324 0.053711 0.094907
0 0.546753 0.411343 0.040283 0.114352
0 0.56665 0.504167 0.036621 0.115741
0 0.580811 0.548148 0.053711 0.107407
0 0.617188 0.547917 0.054688 0.086574
0 0.654541 0.538889 0.039551 0.094444
0 0.705078 0.496528 0.0625 0.044907
0 0.762451 0.508565 0.043457 0.108796
0 0.771851 0.563194 0.0354 0.110648
0 0.731323 0.61713 0.044189 0.096296
0 0.701904 0.55162 0.066895 0.056944
0 0.687134 0.612731 0.047607 0.102315
0 0.676514 0.658102 0.053711 0.103241
0 0.610352 0.710185 0.066406 0.044444
0 0.5271 0.757639 0.062988 0.0625
0 0.550415 0.704167 0.063721 0.043519
0 0.620361 0.662269 0.064941 0.043056
0 0.603149 0.619907 0.065186 0.047222
0 0.553955 0.657407 0.064453 0.044444
0 0.53833 0.605556 0.065918 0.059259
0 0.490723 0.729398 0.074219 0.060648
0 0.449951 0.785648 0.065918 0.071296
0 0.404419 0.766898 0.038818 0.104167
0 0.446045 0.691667 0.027832 0.112963
0 0.490967 0.675694 0.067871 0.050463
0 0.530151 0.443519 0.033936 0.122222
0 0.510254 0.459491 0.030273 0.129167
0 0.485352 0.486111 0.025391 0.127778
0 0.416626 0.688194 0.024658 0.1125
0 0.458618 0.509259 0.041748 0.122222
0 0.502197 0.61412 0.05127 0.080093
0 0.447632 0.586806 0.060303 0.045833
0 0.334473 0.328704 0.050781 0.098148
0 0.359497 0.390741 0.06665 0.059259
0 0.411865 0.418519 0.034668 0.118519
0 0.363037 0.441204 0.061523 0.069444
0 0.382324 0.47963 0.060547 0.053704
0 0.409058 0.50463 0.061768 0.057407
0 0.419189 0.542824 0.061035 0.048611
0 0.401245 0.604861 0.065186 0.050463
0 0.375366 0.68125 0.064697 0.064352
0 0.314697 0.669676 0.04834 0.101389
0 0.291626 0.687731 0.045654 0.10787
0 0.357666 0.638194 0.068359 0.045833
0 0.311157 0.583565 0.041748 0.121759
0 0.359985 0.583333 0.059326 0.074074
0 0.346191 0.539583 0.05957 0.06713
0 0.320557 0.503472 0.064941 0.045833
0 0.261353 0.614352 0.020264 0.130556
0 0.241089 0.561111 0.048096 0.092593
0 0.277588 0.520833 0.029785 0.125
0 0.262817 0.319907 0.050537 0.082407
0 0.300293 0.346296 0.022461 0.12963
0 0.292847 0.445139 0.052002 0.070833
0 0.263672 0.396065 0.046875 0.072685
0 0.323242 0.4125 0.024414 0.110185
0 0.25708 0.472454 0.039062 0.096759
0 0.227295 0.517824 0.027832 0.050463
0 0.227783 0.470139 0.049316 0.086574
0 0.245239 0.39213 0.043213 0.075926
0 0.544678 0.169676 0.031738 0.1125
0 0.513306 0.550231 0.066162 0.0625
0 0.537109 0.567824 0.024414 0.033796
